5, 2, 2, 6, 2, 2, 5, 2, 2, 4, 2, 2, 3, 2, 2, 2, 2, 2, 1, 2, 6, 5, 1, 6, //我和我的祖国
1, 2, 2, 3, 2, 2, 1, 3, 2, 7, 2, 2, 6, 2, 3, 3, 2, 1, 5, 2, 12,			//一刻也不能分割
6, 2, 2, 7, 2, 2, 6, 2, 2, 5, 2, 2, 4, 2, 2, 3, 2, 2, 2, 2, 6, 6, 1, 6,	//无论我走到哪里
7, 1, 2, 6, 1, 2, 5, 1, 2, 5, 2, 2, 1, 2, 3, 2, 2, 1, 3, 2, 12,			//都唱出一首赞歌
5, 2, 2, 6, 2, 2, 5, 2, 2, 4, 2, 2, 3, 2, 2, 2, 2, 2, 1, 2, 6, 5, 1, 6,	//我歌唱每一座高山
1, 2, 2, 3, 2, 2, 1, 3, 2, 7, 2, 2, 2, 3, 3, 1, 3, 1, 6, 2, 12,			//我歌唱每一条河
1, 3, 2, 7, 2, 2, 6, 2, 2, 5, 2, 6,										//袅袅炊烟
6, 2, 2, 5, 2, 2, 4, 2, 2, 3, 2, 6,										//小小村落
7, 1, 4, 6, 1, 2, 5, 1, 4, 2, 2, 2, 1, 2, 12,							//路上一道辙 
8, 2, 2, 2, 3, 2, 3, 3, 2, 2, 3, 2, 8, 2, 2, 6, 2, 2, 7, 2, 2, 6, 2, 3, 3, 2, 1, 5, 2, 12,//我最亲爱的祖国
8, 2, 2, 2, 3, 2, 3, 3, 2, 2, 3, 2, 8, 2, 2, 6, 2, 2, 7, 2, 2, 5, 2, 3, 3, 2, 1, 6, 2, 12,//我永远紧依着你的心窝
5, 2, 2, 4, 2, 2, 3, 2, 2, 2, 2, 6, 7, 1, 2, 6, 1, 2, 5, 1, 2, 3, 2, 6,4, 2, 6, 2, 2, 4, 1, 2, 2,1, 2, 10,//你用你那母亲的脉搏和我诉说